0100100001101111011011110011001001100000011110010010000100000000
0100100101110100001001110111001100100000011100110110111001101111
0111011101101001011011100110011100100000000000000100100101110100
0010011101110011001000000111010001101000011011010110010100100000
0111010001101111001000000110110101100000011010110110010100100000
0110000100100000011100110110111001101111011100110010110101100001
0110111000101110010010100110000101101100011000010011001100100000
0111001001110101011011100111001100100000011011110011010101110100
0010111000100000010010000110010100100000011011010010000101101011
0110010101110011001000000110000100100000011000100010100101100111
0010000001110000011010010110110001100100000000000010111101100110
0010000001110011011011100110111101110111000011100010000001001000
0110010100100000011100000111010101110100011100010010000001100001
0010000001100010011010010110011100100000011100010010011001101111
0111011101100010011000010110110001101100000000000010011101101110
0010000001110100011011110111000000101110000000000000100001100101
0010000001100001011001000110010001110011000000000010000100100000
0111001101100011011000010111001001100110000000000010000101101110
0110010000100000011000010010000001101000011000010011010000001110
0010000001001000011001010010000001100001011001000010010001110011
0010000001100001011011100010000001101111011100100010000001101110
0110011101100101001000000010011001101111011100100010000001110100
0110100001100101001000000010111001101111011100110010010100001110
0010000001001000011001010010000001100001011001000110010001110011
0010000001100011011011110010000101101100001000000110011001101111
0111001000100000011101000010100001100101001000000110010001111001
0110010101110011001000000010000101101110011001000010000001100010
0111010101110100011101000010111101101110011100110010111001001001
0110111000100000011101000110100001100101001000000110010101110110
0110010101101110011010010110111001100111001011000010000001001010
0110000101101101011001010111001100100000011011110111000001100101
0110111001110011001000000111010001101000011001010010000001100100
0110111101101111011100100010111000100000010101110110100001100001
0111010000100000011001000110111101100101011100110010000001101000
0110010100100000011100110110010101100101001111110010000001110100
0110100001100101001000000111001101101110011011110111011101101101
0110000101101110001000000110100101110011001000000110110101101111
0111011001101001011011100110011100100001001000000100101001100001
0110110101100101011100110010000001101001011011100011011101101001
0111010001100101011100110010000001101000011010010010110000000000
0110100101101110001011100010000001010100011010000010010000000000
0111001101101110011011110111011101101101011000010010111000000000
0110100001100001011100110010000001101110011001010011011001100101
0111001000100000011000100110010101100101011011100010000001101001
0110111001110011011010010110010001100101001000000010000010000000
0110100001101111011101010111001101100101000011100010000001101000
0110010100100000011100110110000101111001011100111010000001101000
0110010101101100011011000110111100100000011101000010111100100000
0111010001101000011001010010000001100011011000011011110000101110
0010000001001000011001010010000001110000011011000010000111111001
0111001100100000011101110110100101110100011011000010000001110000
0110000101110000011001010111001000100000011100000010111101110111
0110010101101100011100110010111001000001001000000010110101101111
0110110101100101011011100111010000100000011011100110000101110100
0110010101110010001011000010000001110100011011000110010100100000
0111001101101110011011110111011101101101011000011110111000100000
0111010001100001011010110110010101110011001000000100101001100001
0110110101100101011100110010011101110011001000000110100001100001
0110111001100100001000000110000101101110011001000010000001100111
0110111101100101011100110010000001101111011101011111110000101110
0101010001101000011001010111100100100000011001111110111100100000
0111010101110000001011000010000001110101011100000010110000100000
0111010101110000001000000110100101101110011101000110111100100001
0111010001101000011001010010000001100001011010010111001000100001